[[197 361 264 400   1]
 [150 165 239 229   2]]

[[197 361 264 400   1]
 [150 165 239 229   2]]

[[197 361 264 400   1]
 [150 165 239 229   2]]

[[197 361 264 400   1]
 [150 165 239 229   2]]

[[197 361 264 400   1]
 [150 165 239 229   2]]

[[197 361 264 400   1]
 [150 165 239 229   2]]

[[197 361 264 400   1]
 [150 165 239 229   2]]

[[197 361 264 400   1]
 [150 165 239 229   2]]

[[197 361 264 400   1]
 [150 165 239 229   2]]

[[197 361 264 400   1]
 [150 165 239 229   2]]

[[197 361 264 400   1]
 [150 165 239 229   2]]

[[197 361 264 400   1]
 [150 165 239 229   2]]

[[197 361 264 400   1]
 [150 165 239 229   2]]

[[197 361 264 400   1]
 [150 165 239 229   2]]

[[197 361 264 400   1]
 [150 165 239 229   2]]

[[197 361 264 400   1]]

[[197 361 264 400   1]]

[[197 361 264 400   1]]

[[197 361 264 400   1]
 [150 165 239 229   2]]

[[198 359 262 397   1]
 [150 165 239 229   2]]

[[198 359 262 397   1]]

[[354 136 380 158  21]
 [119 167 274 274  22]
 [314 133 349 161  23]
 [197   0 351  78  24]
 [389 125 412 141  25]
 [278 180 442 275  26]
 [273 150 310 179  27]]

[[354 136 380 158  21]
 [121 167 271 270  22]
 [314 133 348 161  23]
 [197   0 351  78  24]
 [389 125 412 141  25]
 [277 180 442 275  26]
 [273 150 310 179  27]]

[[354 136 380 158  21]
 [122 167 271 268  22]
 [316 136 348 161  23]
 [197   0 351  78  24]
 [389 124 412 140  25]
 [274 178 446 278  26]
 [273 150 309 178  27]]

[[354 135 381 158  21]
 [122 164 267 264  22]
 [317 137 348 161  23]
 [198   0 349  76  24]
 [389 124 412 140  25]
 [274 178 447 279  26]
 [273 150 309 178  27]]

[[123 164 265 262  22]
 [198   0 349  76  24]]

[[182 316 398 445  31]]

[[182 316 398 445  31]]

[[184 309 396 436  31]]

[[185 301 397 427  31]]

[[184 277 396 403  31]]

[[183 146 400 272  26]
 [185 270 396 395  31]]

[[176 144 397 271  26]]

[[299 334 446 416  34]
 [ 96 375 255 431  35]]

[[299 334 446 416  34]
 [ 96 375 255 431  35]]

[[300 330 442 409  34]
 [ 96 375 255 431  35]]

[[299 297 445 378  34]]

[[165 376 273 438   1]
 [300 289 445 370  34]]

[[164 377 273 440   1]
 [287 195 406 265  31]]

[[295 187 406 252  31]]

[[101 104 162 135  24]]

[[100 105 161 136  24]
 [288 115 409 184  44]
 [355 107 454 145  45]
 [161  96 276 157  46]]

[[ 99 106 160 136  24]
 [288 115 409 184  44]
 [355 107 454 145  45]
 [161  96 276 157  46]]

[[ 99 106 160 136  24]
 [288 115 409 184  44]
 [355 107 454 145  45]
 [161  96 276 157  46]]

[[ 99 105 161 136  24]
 [288 115 408 184  44]
 [355 107 454 145  45]
 [161  96 276 157  46]]

[[ 99 105 161 136  24]
 [288 115 407 184  44]
 [355 107 454 145  45]
 [161  96 276 157  46]]

[[ 98  97 162 129  24]
 [288 109 407 177  44]
 [357 102 451 138  45]
 [159  89 275 151  46]]

[[270 362 298 382  22]
 [ 97  97 160 128  24]
 [288 108 406 175  44]
 [357 101 451 136  45]
 [159  88 275 150  46]]

[[102 219 203 294   2]
 [275 369 299 387  22]
 [265 198 299 218  26]
 [314 218 398 265  34]]

[[100 221 202 296   2]
 [269 201 294 216  26]
 [314 154 398 203  31]
 [315 211 394 255  34]]

[[315 153 398 201  31]]

[[315 153 398 201  31]
 [176 126 199 140  55]
 [409 229 454 269  56]
 [271 139 298 158  57]
 [106 140 170 169  58]
 [104 161 201 236  59]
 [356 137 427 165  60]
 [296 133 327 146  61]]

[[315 153 398 201  31]
 [176 126 199 140  55]
 [409 229 454 269  56]
 [271 139 298 158  57]
 [106 140 170 169  58]
 [104 161 201 236  59]
 [356 137 427 165  60]
 [296 133 327 146  61]]

[[194 137 217 155  27]
 [315 153 398 201  31]
 [176 126 199 140  55]
 [408 228 454 269  56]
 [271 139 298 158  57]
 [106 140 170 169  58]
 [104 159 200 233  59]
 [356 137 427 165  60]
 [296 133 327 146  61]]

[[193 136 217 154  27]
 [314 153 398 201  31]
 [176 126 199 140  55]
 [408 228 454 269  56]
 [271 139 298 158  57]
 [106 140 170 169  58]
 [104 159 200 233  59]
 [356 137 427 165  60]
 [296 133 327 146  61]]

[[193 136 216 154  27]
 [314 153 398 202  31]
 [176 126 199 140  55]
 [408 228 454 269  56]
 [271 139 298 158  57]
 [105 139 170 169  58]
 [104 158 200 232  59]
 [356 137 427 165  60]
 [296 133 327 146  61]]

[[193 136 216 154  27]
 [314 153 399 202  31]
 [134 364 193 384  35]
 [176 126 199 140  55]
 [408 228 454 270  56]
 [271 139 298 158  57]
 [105 139 170 169  58]
 [104 158 200 232  59]
 [356 137 427 165  60]
 [296 133 327 146  61]]

[[192 136 215 154  27]
 [314 148 397 195  31]
 [130 353 195 376  35]
 [176 126 199 140  55]
 [409 223 453 263  56]
 [271 139 298 158  57]
 [104 138 171 169  58]
 [103 151 201 227  59]
 [356 130 427 158  60]
 [296 133 327 146  61]
 [ 89 351 135 387  62]
 [271 352 305 375  64]]

[[315 145 396 192  31]
 [131 351 193 373  35]
 [310  35 398  85  44]
 [409 222 453 262  56]
 [103 149 201 226  59]
 [356 129 427 157  60]
 [ 87 347 135 384  62]
 [271 349 307 372  64]]

[[311  29 398  78  44]]

[[130 256 327 344  75]
 [220 276 440 394  76]]

[[130 256 327 343  75]
 [220 276 440 393  76]]

[[129 256 327 343  75]
 [218 276 442 395  76]]

[[130 257 327 344  75]
 [216 275 444 396  76]]

[[128 257 330 347  75]
 [216 273 444 395  76]]

[[126 256 335 348  75]
 [219 273 442 393  76]]

[[128 256 330 346  75]
 [219 275 441 394  76]]

[[129 256 328 345  75]
 [219 276 441 394  76]]

[[129 256 328 344  75]
 [219 276 441 394  76]]

[[129 256 328 344  75]
 [219 276 441 394  76]]

[[129 256 328 344  75]
 [219 276 441 394  76]]

[[129 256 328 344  75]
 [218 276 442 394  76]]

[[129 256 328 344  75]
 [218 276 442 394  76]]

[[129 256 328 344  75]
 [218 276 442 394  76]]

[[129 256 328 344  75]
 [218 276 442 394  76]]

[[129 256 328 344  75]
 [218 276 442 394  76]]

[[129 256 328 344  75]
 [218 276 442 394  76]]

[[129 256 328 344  75]
 [218 276 442 394  76]]

[[129 256 328 344  75]
 [217 276 443 394  76]]

[[128 256 328 344  75]
 [217 276 443 395  76]]

[[127 257 328 346  75]
 [217 276 444 395  76]]

[[128 258 328 346  75]
 [188 276 428 399  76]]

[[130 259 328 346  75]
 [210 278 436 393  76]]

[[145 323 299 406   1]
 [131 259 328 347  75]
 [210 278 435 393  76]]

[[145 324 299 405   1]]

[[145 323 295 405   1]]

[[146 323 294 405   1]
 [224 261 238 271  64]]

[[145 322 293 404   1]
 [176 326 279 404   2]
 [223 258 236 267  64]]

[[178 327 279 405   2]]

[[185 327 285 405   2]
 [245 269 273 286  26]]

[[187 327 287 405   2]
 [245 269 273 287  26]]

[[191 326 290 405   2]
 [244 270 273 289  26]
 [264 283 318 313  46]]

[[192 326 291 405   2]
 [264 284 318 314  46]]

[[194 328 294 407   2]
 [267 289 319 318  46]
 [180 299 262 363  59]]

[[181 301 263 364  59]]

[[184 305 264 369  59]
 [268 286 355 341  78]]

[[179 276 219 302  26]
 [266 287 354 342  78]]

[[168 278 210 305  26]
 [270 287 357 341  78]]

[[272 287 358 341  78]]

[[223 256 250 276  62]
 [292 283 386 342  78]]

[[223 256 251 276  62]
 [300 282 396 343  78]]

[[227 255 254 274  62]
 [244 254 277 271  76]
 [324 284 433 353  78]]

[[244 253 276 270  76]
 [333 285 447 356  78]]

[[244 253 275 270  76]
 [336 285 453 358  78]]

[[275 250 309 265  75]
 [245 253 273 269  76]
 [329 289 484 389  78]]

[[276 249 309 264  75]
 [330 290 494 400  78]]

[[282 249 308 261  75]
 [330 295 489 404  78]]

[[331 297 485 406  78]]

[[191 292 390 405   1]
 [336 297 496 411  78]]

[[194 291 390 405   1]]

[[196 290 395 406   1]]

[[250 349 317 403  59]]

[[254 351 320 405  59]]

[[282 235 439 358   2]]

[[287 231 446 356   2]
 [118  82 294 182  31]]

[[115  79 293 180  31]]

[[115  77 292 178  31]
 [280  69 443 193  88]]

[[114  76 292 177  31]
 [280  69 443 193  88]]

[[114  76 292 177  31]
 [280  69 443 193  88]]

[[114  76 292 177  31]
 [280  69 443 193  88]]

[[115  76 292 177  31]
 [280  69 443 193  88]]

[[115  76 293 177  31]
 [280  69 443 193  88]]

[[115  76 293 176  31]
 [280  69 443 193  88]]

[[115  76 293 176  31]
 [280  69 443 193  88]]

[[117  69 293 169  31]
 [280  62 443 186  88]]

[[115  68 292 168  31]
 [280  61 443 185  88]]

[[ 96 130 280 226  92]]

[[ 96 130 280 226  92]]

[[ 95 130 281 227  92]]

[[ 95 130 282 228  92]]

[[ 97 131 283 229  92]]

[[320 183 445 256   1]
 [ 99 129 282 224  92]]

[[320 185 440 254   1]
 [ 97 125 235 203  31]
 [121 190 236 252  76]
 [100 128 282 223  92]]

[[323 187 438 251   1]
 [ 94 128 227 204  31]
 [119 190 236 253  76]]

[[325 189 437 250   1]
 [ 92 131 222 206  31]
 [120 191 236 254  76]]

[[324 190 437 251   1]
 [122 192 234 252  76]]

[[327 189 436 248   1]
 [316 167 445 228  75]
 [118 190 233 252  76]
 [123 167 240 228  92]]

[[317 164 450 227  75]
 [126 171 235 228  92]]

[[ 98 337 468 458  93]]

[[100 331 467 450  93]]

[[102 329 466 449  93]
 [ 97  29 280 129  95]]

[[103 330 465 449  93]
 [ 97  29 280 129  95]]

[[ 99 330 469 453  93]
 [ 98  30 279 129  95]]

[[102 346 464 467  93]
 [ 97  44 281 145  95]]

[[108 381 455 497  93]
 [100  83 277 179  95]]

[[108 384 455 501  93]
 [100 119 276 215  95]]

[[100 132 276 227  95]]

[[ 99 135 277 231  95]]

[[ 99 136 277 232  95]]

[[ 99 136 277 232  95]]

[[ 99 136 277 231  95]]

[[ 99 135 277 231  95]]

[[ 98 134 278 230  95]]

[[ 98 134 278 230  95]]

[[ 98 134 278 229  95]]

[[ 98 133 278 229  95]]

[[ 98 133 280 229  95]]

[[ 99 134 280 230  95]]

[[317 182 449 254   1]
 [101 131 280 226  95]]

[[317 184 445 255   1]
 [ 97 128 229 204  31]
 [121 192 237 252  92]
 [101 134 280 228  95]]

[[320 188 441 253   1]
 [ 97 127 229 203  31]
 [121 193 237 255  92]]

[[321 190 439 252   1]
 [122 194 237 254  92]]

[[321 191 440 253   1]
 [123 194 236 254  92]]

[[320 191 441 253   1]
 [123 194 236 253  92]]

[[320 191 441 253   1]
 [124 195 236 254  92]]

[[124 187 236 246  92]]

[[124  66 235 124  76]
 [124 187 236 246  92]
 [107 304 457 423  93]]

[[125  61 235 119  76]
 [111 296 231 377  78]
 [245 299 349 376  88]
 [107 301 457 420  93]]

[[246 242 349 320   2]
 [121   6 443 156  75]
 [109 242 229 322  78]
 [245 306 346 382  88]]

[[245 243 349 320   2]
 [117   4 443 155  75]
 [108 239 229 319  78]]

[[244 243 348 321   2]
 [115   3 443 154  75]
 [107 239 229 319  78]]

[[244 243 349 321   2]
 [114   3 444 154  75]
 [107 240 230 319  78]]

[[244 243 350 321   2]
 [115   4 441 154  75]
 [107 240 231 320  78]]

[[243 243 349 321   2]
 [116   5 441 154  75]
 [104 237 232 321  78]]

[[243 243 348 321   2]
 [115   4 442 154  75]
 [102 236 232 320  78]]

[[113   3 445 154  75]]

[[113   2 446 155  75]]

[[113   1 447 154  75]]

[[112   0 448 155  75]]

[[112   0 449 155  75]]

[[112   0 449 155  75]]

[[113   0 449 155  75]]

[[113   1 449 155  75]]

[[113   1 449 155  75]]

[[113   0 449 155  75]]

[[112   0 449 155  75]]

[[113   0 449 155  75]]

[[113   0 449 155  75]]

[[112   0 449 155  75]]

[[112   0 449 155  75]]

[[112   0 449 155  75]]

[[116   2 445 155  75]]

[[117   4 444 154  75]]

[[117   3 446 154  75]]

[[116   3 446 154  75]]

[[116   2 447 154  75]]

[[117   3 446 154  75]]

[[117   3 446 154  75]]

[[116   3 447 155  75]]

[[116   3 447 155  75]]

[[116   3 447 155  75]]

[[116   3 447 155  75]]

[[115   2 448 154  75]]

[[117   4 446 154  75]]

[[117   4 446 154  75]]

[[116   4 447 154  75]]

[[116   4 447 154  75]]

[[120   8 443 154  75]
 [287 261 431 335  92]]

[[121   9 442 154  75]
 [288 262 434 336  92]]

[[121   9 442 154  75]
 [288 263 437 338  92]
 [131 268 195 288  98]]

[[120   9 443 154  75]
 [288 263 438 338  92]
 [132 269 194 288  98]]

[[120   9 443 154  75]
 [288 263 438 339  92]
 [132 269 195 288  98]]

[[120   9 443 154  75]
 [288 263 438 339  92]
 [132 270 195 288  98]]

[[120   9 443 154  75]
 [287 263 438 338  92]
 [132 270 195 289  98]]

[[119   9 444 154  75]
 [288 263 439 338  92]
 [133 270 196 289  98]]

[[119   8 443 154  75]
 [288 263 439 338  92]
 [133 271 196 290  98]]

[[118   8 443 154  75]
 [288 264 439 338  92]]

[[118   8 443 153  75]
 [288 264 438 338  92]]

[[119   8 444 154  75]
 [287 264 439 339  92]
 [131 271 198 290  98]]

[[119   8 444 154  75]
 [287 264 439 339  92]
 [131 271 198 291  98]]

[[116   7 446 154  75]
 [288 265 441 340  92]
 [131 271 198 291  98]]

[[115   5 447 154  75]]

[[115   5 447 155  75]
 [116   1 450 118  93]]

[[243   1 349  78   2]
 [110   0 231  77  78]
 [116   0 450 112  93]]

[[243   0 349  72   2]
 [271 186 395 251  76]
 [110   0 231  71  78]]

[[271 188 397 253  76]]

[[271 188 397 253  76]]

[[271 188 397 253  76]]

[[271 188 398 253  76]]

[[271 188 398 254  76]]

[[270 187 398 254  76]]

[[270 187 398 253  76]]

[[271 187 397 253  76]]

[[272 187 399 254  76]]

[[273 186 399 253  76]]

[[271 186 398 253  76]]

[[271 187 397 253  76]]

[[271 187 396 253  76]]

[[271 187 396 252  76]]

[[271 187 396 252  76]]

[[271 187 395 252  76]]

[[271 187 395 252  76]]

[[271 187 396 252  76]]

[[271 187 396 252  76]]

[[270 187 396 252  76]]

[[270 187 396 252  76]]

[[270 187 396 252  76]]

[[270 187 396 252  76]]

[[270 187 396 252  76]]

[[270 187 396 252  76]]

[[270 187 396 252  76]]

[[270 187 396 252  76]]

[[101 223 288 308  75]
 [270 187 396 252  76]]

[[ 69 221 271 309  75]]

[[ 63 223 271 311  75]]

[[ 60 223 273 311  75]]

[[ 58 222 275 312  75]]

[[ 57 222 277 312  75]]

[[ 56 222 278 312  75]]

[[ 53 220 278 311  75]]

[[ 54 220 278 309  75]]

[[ 56 220 278 308  75]]

[[ 75 223 286 307  75]]

[[ 84 224 291 308  75]]

[[ 86 224 291 308  75]]

[[ 87 224 291 308  75]]

[[ 89 224 291 308  75]]

[[ 84 223 287 308  75]]

[[ 83 223 287 308  75]]

[[ 81 222 286 308  75]]

[[ 79 222 286 308  75]]

[[ 79 222 286 309  75]
 [110 224 284 310  92]]

[[109 223 283 309  92]]

[[109 223 282 309  92]]

[[110 223 282 309  92]]

[[110 223 282 309  92]]

[[107 222 279 309  92]
 [120 197 280 244  98]]

[[120 196 281 243  98]]

[[119 196 281 243  98]
 [503 175 900 366  99]]

[[119 196 283 244  98]
 [502 176 901 367  99]]

[[119 196 283 244  98]
 [501 176 900 368  99]]

[[119 196 284 244  98]
 [502 177 900 369  99]]

[[119 196 284 245  98]
 [501 178 900 369  99]]

[[119 197 284 245  98]
 [500 178 901 370  99]]

[[120 197 284 245  98]
 [500 178 900 371  99]]

[[270 185 395 252  76]
 [120 196 285 245  98]
 [500 179 900 371  99]]

[[276 186 365 251   2]
 [270 184 395 251  76]]

[[276 192 366 256   2]
 [272 185 392 251  76]]

[[273 185 394 251  76]]

[[273 185 395 251  76]]

[[272 186 395 251  76]]

[[272 186 395 251  76]]

[[272 186 396 251  76]]

[[272 186 396 251  76]]

[[272 186 396 251  76]]

[[272 186 396 251  76]]

[[272 186 396 251  76]]

[[271 186 396 251  76]]

[[272 186 396 251  76]]

[[272 186 396 251  76]]

[[271 186 396 251  76]]

[[271 186 396 251  76]]

[[271 186 396 251  76]]

[[271 186 396 251  76]]

[[271 185 396 251  76]]

[[271 185 396 251  76]]

[[271 185 396 251  76]]

[[271 186 396 251  76]]

[[272 186 396 251  76]]

[[272 186 397 251  76]]

[[273 186 397 251  76]]

[[273 186 396 251  76]]

[[273 186 395 251  76]]

[[273 186 395 251  76]]

[[273 186 395 251  76]
 [121 198 282 245  98]
 [501 179 902 373  99]]

[[120 199 284 246  98]
 [502 178 904 373  99]]

[[120 199 284 246  98]
 [504 179 903 373  99]]

[[121 199 284 247  98]
 [505 180 902 374  99]]

[[120 199 285 247  98]
 [504 180 902 374  99]]

[[120 200 285 247  98]
 [504 181 902 374  99]]

[[121 200 284 247  98]
 [505 181 902 375  99]]

[[121 199 285 247  98]
 [505 181 902 375  99]]

[[120 199 285 247  98]
 [505 181 902 375  99]]

[[121 199 286 247  98]
 [505 181 902 375  99]]

[[122 199 285 246  98]
 [506 181 901 374  99]]

[[121 198 286 246  98]
 [506 180 902 374  99]]

[[121 198 286 246  98]
 [506 180 902 373  99]]

[[121 198 286 245  98]
 [506 180 902 373  99]]

[[121 197 286 245  98]
 [506 180 902 373  99]]

[[121 197 286 245  98]
 [506 179 903 373  99]]

[[121 197 286 245  98]
 [506 179 902 373  99]]

[[121 197 286 245  98]
 [507 179 902 373  99]]

[[121 197 286 245  98]
 [508 180 901 372  99]]

[[121 197 286 245  98]
 [507 180 901 372  99]]

[[121 197 286 245  98]
 [507 180 902 373  99]]

[[122 197 285 245  98]
 [507 180 902 373  99]]

[[123 197 285 245  98]
 [507 180 902 373  99]]

[[123 197 286 244  98]
 [507 180 903 372  99]]

[[122 197 286 244  98]
 [507 180 903 372  99]]

[[122 196 287 244  98]
 [508 179 903 372  99]]

[[124 196 286 244  98]
 [508 179 903 372  99]]

[[124 196 285 244  98]
 [509 180 902 371  99]]

[[124 196 285 243  98]
 [508 180 903 372  99]]

[[124 196 285 243  98]
 [508 180 903 372  99]]

[[124 196 285 243  98]
 [508 180 903 372  99]]

[[124 196 285 243  98]
 [508 180 903 372  99]]

[[124 196 286 243  98]
 [508 180 903 372  99]]

[[124 196 286 243  98]
 [508 181 903 372  99]]

[[124 196 286 243  98]
 [508 181 903 373  99]]

[[124 196 286 243  98]
 [508 181 903 373  99]]

[[124 196 286 243  98]
 [508 181 903 373  99]]

[[124 196 286 243  98]
 [508 181 903 373  99]]

[[124 196 286 243  98]
 [508 181 903 373  99]]

[[124 196 286 243  98]
 [507 180 903 373  99]]

[[124 196 286 243  98]
 [507 180 904 373  99]]

[[123 196 286 243  98]
 [507 180 904 373  99]]

[[123 196 286 243  98]
 [508 179 903 373  99]]

[[123 196 286 243  98]
 [508 179 903 373  99]]

[[123 196 286 243  98]
 [508 179 903 373  99]]

[[123 196 286 243  98]
 [508 179 903 373  99]]

[[123 196 286 243  98]
 [508 179 903 373  99]]

[[123 196 286 243  98]
 [508 179 903 373  99]]

[[123 196 286 243  98]
 [508 179 903 373  99]]

[[123 196 286 243  98]
 [508 179 903 373  99]]

[[123 196 286 243  98]
 [508 179 903 373  99]]

[[123 196 286 243  98]
 [508 179 903 373  99]]

[[123 196 286 243  98]
 [508 179 903 374  99]]

[[123 196 286 243  98]
 [508 179 903 374  99]]

[[123 196 286 243  98]
 [508 179 903 374  99]]

[[123 196 286 243  98]
 [508 179 903 374  99]]

[[123 196 286 243  98]
 [509 179 902 373  99]]

[[123 196 286 243  98]
 [510 179 902 373  99]]

[[123 196 286 243  98]
 [510 179 902 373  99]]

[[123 196 286 243  98]
 [510 179 902 372  99]]

[[123 196 286 243  98]
 [510 179 902 372  99]]

[[123 196 286 243  98]
 [510 179 902 372  99]]

[[123 196 286 243  98]
 [510 179 902 372  99]]

[[123 196 286 243  98]
 [510 179 902 372  99]]

[[123 196 286 243  98]
 [510 179 902 372  99]]

[[123 196 286 243  98]
 [510 179 902 372  99]]

[[123 196 286 243  98]
 [509 179 902 373  99]]

[[123 196 286 243  98]
 [510 179 902 373  99]]

[[272 187 396 251  76]
 [123 196 286 243  98]
 [510 179 902 373  99]]

[[271 186 397 252  76]]

[[271 186 397 252  76]]

[[271 186 397 252  76]]

[[271 186 397 252  76]]

[[271 186 397 252  76]]

[[271 186 397 252  76]]

[[271 186 396 252  76]]

[[271 186 397 252  76]]

[[272 185 397 252  76]]

[[273 185 396 252  76]]

[[272 185 397 252  76]]

[[273 185 396 252  76]]

[[273 185 395 252  76]]

[[273 185 395 252  76]]

[[273 185 394 252  76]]

[[274 185 394 252  76]]

[[273 186 394 252  76]]

[[273 186 394 252  76]]

[[273 186 394 252  76]]

[[273 187 394 252  76]]

[[273 187 395 252  76]]

[[273 187 394 251  76]]

[[273 187 395 251  76]]

[[273 186 396 251  76]]

[[273 186 396 251  76]]

[[273 186 396 251  76]]

[[274 185 396 251  76]]

[[274 185 396 251  76]]

[[275 185 396 251  76]]

[[274 185 395 251  76]]

[[274 185 395 251  76]]

[[275 186 395 251  76]]

[[275 186 394 251  76]]

[[ 38 294  89 374 100]]

[[ 38 294  88 373 100]]

[[ 35 295  86 375 100]]

[[ 37 295  87 372 100]]

[[ 37 295  88 374 100]]

[[ 37 295  88 374 100]]

[[ 37 294  89 374 100]]

[[ 37 294  89 374 100]]

[[ 37 294  89 374 100]]

[[ 36 293  89 376 100]]

[[ 37 294  89 374 100]]

[[ 35 294  87 376 100]]

[[ 35 294  86 374 100]]

[[ 37 294  87 373 100]]

[[ 38 294  88 373 100]]

[[ 38 293  88 373 100]]

[[ 38 293  89 373 100]]

[[ 38 292  89 372 100]]

[[ 38 292  89 372 100]]

[[ 38 292  89 372 100]]

[[ 38 292  89 372 100]]

[[ 38 292  89 372 100]]

[[ 38 292  89 372 100]]

[[ 38 292  89 372 100]]

[[ 38 292  89 372 100]]

[[ 38 292  89 372 100]]

[[ 38 292  89 372 100]]

[[ 38 292  89 372 100]]

[[ 38 292  89 372 100]]

[[ 38 292  89 372 100]]

[[ 38 292  89 372 100]]

[[ 38 292  89 372 100]]

[[ 39 293  88 372 100]]

[[ 39 293  88 372 100]]

[[ 38 293  88 373 100]]

[[ 38 294  88 373 100]]

[[273 187 394 251  76]
 [ 38 294  88 373 100]]

[[272 186 395 252  76]]

[[271 186 396 252  76]]

[[271 185 396 252  76]]

[[271 185 396 252  76]]

[[271 185 396 252  76]]

[[270 185 396 252  76]]

[[271 185 396 252  76]]

[[270 185 396 252  76]]

[[270 185 396 252  76]]

[[270 185 396 252  76]]

[[270 185 396 252  76]]

[[270 185 396 252  76]]

[[270 185 396 252  76]]

[[270 185 397 252  76]]

[[270 185 397 252  76]]

[[270 185 397 252  76]]

[[271 185 397 252  76]]

[[271 185 397 252  76]]

[[271 185 397 252  76]]

[[271 185 397 252  76]]

[[271 185 397 252  76]]

[[271 185 397 252  76]]

[[271 185 397 252  76]]

[[271 185 397 252  76]]

[[271 185 397 252  76]]

[[271 185 397 252  76]]

[[271 185 397 252  76]]

[[271 185 396 252  76]]

[[270 185 397 252  76]]

[[270 185 397 252  76]]

[[270 185 397 252  76]]

[[270 185 397 252  76]]

[[270 185 397 252  76]]

[[270 185 397 252  76]]

[[270 185 397 252  76]]

[[270 185 397 252  76]]

[[270 185 397 252  76]]

[[270 185 397 252  76]]

[[270 185 398 252  76]]

[[270 185 397 252  76]]

[[270 185 397 252  76]]

[[270 185 398 252  76]]

[[270 185 398 252  76]]

[[523 181 918 366 102]
 [139 200 299 247 103]]

[[523 182 918 366 102]
 [139 200 299 247 103]]

[[514 183 927 375 102]
 [138 200 300 248 103]]

[[516 184 926 376 102]
 [138 200 300 248 103]]

[[515 184 928 378 102]
 [138 200 301 248 103]]

[[515 183 928 379 102]
 [139 200 301 247 103]]

[[514 183 928 379 102]
 [139 199 302 247 103]]

[[516 183 928 378 102]
 [139 199 303 247 103]]

[[516 183 928 379 102]
 [139 198 301 246 103]]

[[519 183 924 375 102]
 [138 198 302 246 103]]

[[522 182 922 372 102]
 [139 198 302 245 103]]

[[523 182 921 371 102]
 [140 197 303 245 103]]

[[522 182 923 372 102]
 [140 197 304 244 103]]

[[527 182 921 369 102]
 [140 196 304 244 103]]

[[527 182 922 369 102]
 [140 196 305 244 103]]

[[527 183 922 369 102]
 [140 196 305 244 103]]

[[528 183 923 369 102]
 [140 196 305 244 103]]

[[529 183 921 368 102]
 [140 196 305 244 103]]

[[529 183 922 369 102]
 [140 196 305 244 103]]

[[528 184 924 370 102]
 [140 196 305 244 103]]

[[525 182 925 371 102]
 [142 196 304 244 103]]

[[526 182 922 369 102]
 [143 196 304 244 103]]

[[527 182 921 368 102]
 [143 196 304 243 103]]

[[527 181 919 367 102]
 [143 196 304 243 103]]

[[526 181 919 368 102]
 [143 196 305 243 103]]

[[525 181 919 369 102]
 [143 196 305 243 103]]

[[526 181 919 369 102]
 [142 196 305 243 103]]

[[526 181 918 369 102]
 [142 196 305 243 103]]

[[526 181 919 369 102]
 [142 195 305 242 103]]

[[525 181 923 372 102]
 [142 195 305 242 103]]

[[525 181 924 373 102]
 [141 195 304 242 103]]

[[524 181 924 374 102]
 [141 195 304 242 103]]

[[523 181 924 375 102]
 [141 195 304 242 103]]

[[ 37 234 147 323 104]]

[[ 37 234 147 323 104]]

[[ 37 234 147 323 104]]

[[ 37 234 147 323 104]]

[[ 37 234 147 323 104]]

[[ 37 234 147 323 104]]

[[ 37 234 147 323 104]]

[[ 37 234 147 323 104]]

[[ 37 234 147 323 104]]

[[ 37 234 147 323 104]]

[[ 37 234 147 323 104]]

[[ 37 234 147 323 104]]

[[ 37 234 147 323 104]]

[[ 37 234 147 323 104]]

[[ 37 234 147 323 104]]

[[ 37 234 147 323 104]]

[[ 37 234 147 323 104]]

[[ 37 234 147 323 104]]

[[ 37 234 147 323 104]]

[[ 37 234 147 323 104]]

[[ 37 234 147 323 104]]

[[ 37 234 147 323 104]]

[[ 37 234 147 323 104]]

[[ 37 234 147 323 104]]

[[ 37 234 147 323 104]]

[[ 37 234 147 323 104]]

[[ 37 234 147 323 104]]

[[ 37 234 147 323 104]]

[[ 37 234 147 323 104]]

[[ 37 233 147 323 104]]

[[ 37 233 147 323 104]]

[[267 185 402 252 102]
 [ 37 232 147 323 104]]

[[269 185 400 251 102]]

[[267 185 396 251 102]]

[[267 186 396 252 102]]

[[269 185 396 251 102]]

[[269 185 396 251 102]]

[[270 185 397 251 102]]

[[270 185 396 251 102]]

[[270 185 396 251 102]]

[[269 186 396 251 102]]

[[269 186 396 251 102]]

[[269 186 396 251 102]]

[[269 186 396 251 102]]

[[269 186 396 251 102]]

[[270 186 396 251 102]]

[[271 185 398 251 102]]

[[270 185 397 251 102]]

[[270 185 398 252 102]]

[[270 184 397 252 102]]

[[271 185 396 252 102]]

[[271 185 396 252 102]]

[[271 185 396 252 102]]

[[271 185 396 252 102]]

[[271 186 396 252 102]]

[[272 185 397 251 102]]

[[272 185 397 251 102]]

[[272 185 397 251 102]]

[[271 185 395 251 102]]

[[272 185 396 251 102]]

[[271 185 395 251 102]]

[[271 185 395 251 102]]

[[270 184 396 251 102]]

[[270 184 396 251 102]]

[[270 184 395 251 102]]

[[269 184 395 251 102]]

[[269 184 396 251 102]]

[[269 184 396 251 102]]

[[269 184 396 251 102]]

[[269 184 396 251 102]]

[[269 184 396 251 102]]

[[269 184 396 251 102]]

[[269 184 396 251 102]]

[[269 184 396 251 102]]

[[269 184 396 251 102]]

[[269 184 396 251 102]]

[[269 184 396 251 102]]

[[520 295 575 370 105]]

[[519 295 575 370 105]]

[[520 295 576 372 105]]

[[520 295 577 372 105]]

[[521 295 577 372 105]]

[[521 295 577 371 105]]

[[522 295 578 370 105]]

[[523 293 578 368 105]]

[[524 292 578 366 105]]

[[524 291 578 364 105]]

[[524 288 578 361 105]]

[[525 284 577 353 105]]

[[526 282 577 351 105]]

[[651 321 784 387 106]]

[[650 321 783 387 106]]

[[712 346 777 378 107]]

[[712 346 777 378 107]]

[[712 346 777 378 107]]

[[712 346 777 378 107]]

[[271 183 402 251 102]
 [712 345 777 378 107]]

[[272 182 401 251 102]]

[[272 182 401 252 102]]

[[272 182 401 252 102]]

[[272 182 401 252 102]]

[[272 182 401 252 102]]

[[272 182 401 252 102]]

[[272 182 401 252 102]]

[[272 182 401 252 102]]

[[272 182 401 252 102]]

[[272 182 401 252 102]]

[[272 182 401 252 102]]

[[272 182 401 252 102]]

[[272 182 401 252 102]]

[[272 182 401 252 102]]

[[272 182 401 252 102]]

[[272 182 401 252 102]]

[[272 182 401 252 102]]

[[272 182 401 252 102]]

[[272 182 401 252 102]]

[[272 182 401 252 102]]

[[272 182 401 252 102]]

[[272 182 401 252 102]]

[[272 182 401 252 102]]

[[272 182 401 252 102]]

[[272 182 401 252 102]]

[[272 182 401 252 102]
 [496 172 865 358 106]]

[[492 169 867 357 106]]

[[491 169 867 357 106]
 [120 187 280 234 108]]

[[491 169 867 357 106]
 [120 187 280 234 108]]

[[491 169 867 357 106]
 [120 187 280 234 108]]

[[492 169 868 357 106]
 [120 187 280 234 108]]

[[493 169 868 357 106]
 [120 187 280 234 108]]

[[493 169 868 357 106]
 [120 187 280 234 108]]

[[489 166 870 356 106]
 [120 187 280 234 108]]

[[ 37 294  99 370 109]]

[[ 37 294  99 370 109]]

[[ 37 294  99 370 109]]

[[ 37 294  99 370 109]]

[[ 36 294  99 370 109]]

[[ 36 294  99 370 109]]

[[ 36 294  99 370 109]]

[[ 37 294  98 370 109]]

[[ 37 294  98 370 109]]

[[ 37 294  98 370 109]]

[[ 36 294  98 369 109]]

[[ 36 294  98 369 109]]

[[ 36 294  98 370 109]]

[[ 36 294  98 370 109]]

[[ 36 294  98 370 109]]

[[ 36 294  98 370 109]]

[[272 182 401 252 102]
 [ 36 294  98 370 109]]

[[272 182 401 252 102]]

[[272 183 401 251 102]]

[[272 183 401 251 102]]

[[272 183 401 251 102]]

[[272 183 401 251 102]]

[[272 183 401 251 102]]

[[272 183 401 251 102]]

[[272 183 401 251 102]]

[[272 183 401 251 102]]

[[272 183 401 251 102]]

[[272 183 401 251 102]]

[[272 183 401 251 102]]

[[272 183 401 251 102]]

[[272 183 401 251 102]]

[[273 183 400 251 102]]

[[273 183 400 251 102]]

[[273 183 400 251 102]]

[[273 183 400 251 102]]

[[273 183 400 251 102]]

[[273 183 400 251 102]]

[[273 183 400 251 102]]

[[273 183 400 251 102]]

[[273 183 400 251 102]]

[[273 183 400 251 102]]

[[273 183 400 251 102]]

[[273 183 400 251 102]]

[[273 183 400 251 102]
 [495 171 867 357 106]
 [120 187 280 234 108]]

[[496 172 867 358 106]
 [121 187 281 234 108]]

[[497 172 868 358 106]
 [122 187 282 234 108]]

[[498 172 868 358 106]
 [123 187 283 234 108]]

[[499 173 868 358 106]
 [124 187 284 234 108]]

[[500 173 868 358 106]
 [125 188 283 234 108]]

[[500 173 869 358 106]
 [125 188 284 235 108]]

[[499 173 868 358 106]
 [125 189 284 235 108]]

[[499 174 869 358 106]
 [125 189 284 236 108]]

[[499 174 869 359 106]
 [125 189 285 236 108]]

[[498 174 870 359 106]
 [125 190 285 237 108]]

[[498 174 870 360 106]
 [126 190 284 236 108]]

[[498 174 870 360 106]
 [126 190 283 236 108]]

[[499 174 871 360 106]
 [126 190 283 236 108]]

[[500 174 872 360 106]
 [126 190 283 236 108]]

[[500 174 872 360 106]
 [125 190 284 236 108]]

[[500 174 871 359 106]
 [124 190 285 236 108]]

[[500 174 871 359 106]
 [125 190 284 236 108]]

[[499 174 870 359 106]
 [124 190 285 236 108]]

[[499 174 870 359 106]
 [124 190 285 236 108]]

[[499 174 870 359 106]
 [124 190 285 237 108]]

[[499 174 870 359 106]
 [124 190 285 237 108]]

[[499 174 870 358 106]
 [124 190 285 237 108]]

[[499 174 870 358 106]
 [124 190 285 237 108]]

[[499 174 870 358 106]
 [124 190 285 237 108]]

[[500 175 871 359 106]
 [125 190 286 237 108]]

[[501 175 871 359 106]
 [126 190 286 237 108]]

[[501 176 871 359 106]
 [126 191 286 238 108]]

[[501 175 872 360 106]
 [126 191 286 238 108]]

[[501 175 872 360 106]
 [126 191 287 238 108]]

[[502 176 872 360 106]
 [127 191 286 238 108]]

[[501 176 873 360 106]
 [128 191 286 238 108]]

[[501 176 873 360 106]
 [128 192 287 238 108]]

[[501 176 872 361 106]
 [128 192 287 238 108]]

[[501 177 873 361 106]
 [128 192 287 238 108]]

[[502 177 872 361 106]
 [128 192 288 238 108]]

[[502 178 873 361 106]
 [128 192 288 238 108]]

[[501 178 873 361 106]
 [128 192 288 238 108]]

[[501 178 873 362 106]
 [127 192 290 238 108]]

[[502 178 873 362 106]
 [128 192 289 238 108]]

[[501 179 873 362 106]
 [129 192 289 239 108]]

[[501 179 874 362 106]
 [130 193 288 239 108]]

[[502 179 874 363 106]
 [131 193 288 239 108]]

[[501 179 875 363 106]
 [131 194 288 239 108]]

[[501 179 875 364 106]
 [130 194 289 239 108]]

[[501 180 876 365 106]
 [130 194 290 239 108]]

[[502 180 876 366 106]
 [131 194 290 240 108]]

[[502 181 877 366 106]
 [132 194 290 240 108]]

[[501 181 876 367 106]
 [133 194 289 240 108]]

[[502 182 876 368 106]
 [132 195 290 240 108]]

[[273 183 400 251 102]
 [502 183 877 369 106]
 [132 195 290 240 108]]

[[270 184 398 252 102]]

[[270 185 396 251 102]]

[[268 185 396 252 102]]

[[264 185 392 252 102]]

[[262 186 391 252 102]]

[[258 185 390 253 102]]

[[255 185 388 254 102]]

[[251 186 385 255 102]]

[[249 186 383 256 102]]

[[248 186 381 257 102]]

[[245 187 379 257 102]]

[[244 187 377 257 102]]

[[242 188 376 258 102]]

[[241 188 373 257 102]]

[[240 189 372 257 102]]

[[238 189 371 257 102]]

[[236 189 369 258 102]]

[[233 190 367 259 102]]

[[230 191 364 260 102]]

[[228 192 363 260 102]]

[[225 192 360 260 102]]

[[222 192 359 261 102]]

[[219 193 357 262 102]]

[[215 193 355 263 102]]

[[213 193 353 264 102]]

[[210 194 351 264 102]]

[[ 37 306  89 381 110]]

[[ 37 306  89 382 110]]

[[ 37 306  89 382 110]]

[[ 37 306  89 382 110]]

[[ 37 306  89 382 110]]

[[ 37 306  89 382 110]]

[[ 37 306  89 382 110]]

[[ 37 306  89 382 110]]

[[ 37 306  89 382 110]]

[[ 37 306  89 382 110]]

[[ 37 306  89 382 110]]

[[ 38 306  88 381 110]]

[[ 37 306  89 381 110]]

[[ 38 306  88 381 110]]

[[ 37 306  89 381 110]]

[[ 38 306  88 381 110]]

[[ 37 306  89 381 110]]

[[ 37 306  89 381 110]]

[[ 38 306  88 381 110]]

[[ 38 306  88 381 110]]

[[ 38 306  88 381 110]]

[[ 38 306  88 380 110]]

[[ 38 306  88 380 110]]

[[ 38 306  88 380 110]]

[[ 38 306  88 380 110]]

[[ 38 306  88 380 110]]

[[ 38 306  88 380 110]]

[[ 38 306  88 380 110]]

[[ 38 306  88 380 110]]

[[ 38 306  88 380 110]]

[[ 38 306  88 380 110]]

[[ 38 306  88 380 110]]

[[ 38 306  88 380 110]]

[[ 38 306  88 380 110]]

[[ 37 306  89 381 110]]

[[ 37 306  89 381 110]]

[[ 37 306  89 381 110]]

[[ 37 306  89 381 110]]

[[ 37 306  89 382 110]]

[[ 37 306  89 382 110]]

[[ 37 306  89 382 110]]

[[ 37 306  89 382 110]]

[[ 37 306  89 382 110]]

[[ 37 306  89 382 110]]

[[ 37 306  89 382 110]]

[[ 37 306  89 382 110]]

[[ 37 306  89 382 110]]

[[ 37 306  89 382 110]]

[[ 37 306  89 382 110]]

[[ 38 306  88 381 110]]

[[ 37 306  89 381 110]]

[[ 37 306  89 381 110]]

[[ 37 306  89 381 110]]

[[ 37 306  89 382 110]]

[[ 37 306  89 382 110]]

[[ 37 306  89 382 110]]

[[ 38 306  88 381 110]]

[[ 38 306  88 381 110]]

[[ 38 306  88 381 110]]

[[270 183 404 252 102]
 [ 38 305  88 380 110]]

[[271 182 403 251 102]]

[[272 182 403 251 102]]

[[273 182 403 251 102]]

[[273 182 402 251 102]]

[[272 182 401 251 102]]

[[273 182 401 251 102]]

[[273 182 401 251 102]]

[[273 182 401 251 102]]

[[273 182 402 252 102]]

[[273 182 402 252 102]]

[[273 182 402 252 102]]

[[272 182 402 252 102]]

[[272 182 402 253 102]]

[[273 182 402 253 102]]

[[273 182 401 253 102]]

[[273 182 401 253 102]]

[[273 182 401 253 102]]

[[ 96 205 190 268 111]
 [606 210 716 254 112]]

[[ 96 205 190 268 111]
 [606 210 714 253 112]]

[[ 96 205 190 268 111]
 [607 210 714 252 112]]

[[ 96 205 189 267 111]
 [605 209 715 252 112]]

[[ 96 205 189 267 111]
 [605 209 715 252 112]]

[[ 95 205 188 267 111]
 [605 208 715 252 112]]

[[ 95 208 187 269 111]
 [605 210 714 253 112]]

[[ 95 210 186 270 111]
 [605 211 714 254 112]]

[[ 95 212 184 271 111]
 [605 213 712 255 112]]

[[ 94 213 185 272 111]
 [605 213 712 255 112]]

[[ 95 213 184 273 111]
 [604 214 712 256 112]]

[[ 94 214 183 273 111]
 [603 214 713 257 112]]

[[ 94 215 183 274 111]
 [603 214 712 257 112]]

[[ 93 216 183 274 111]
 [601 214 713 258 112]]

[[ 93 216 183 275 111]
 [601 214 713 258 112]]

[[ 93 217 183 275 111]
 [601 214 713 258 112]]

[[ 93 216 184 276 111]
 [601 215 713 259 112]]

[[ 93 216 185 276 111]
 [600 215 713 259 112]]

[[ 93 216 186 276 111]
 [600 215 713 259 112]]

[[ 93 216 186 277 111]
 [600 215 713 259 112]]

[[ 94 217 186 277 111]
 [601 215 714 259 112]]

[[ 94 217 186 277 111]
 [602 215 713 259 112]]

[[ 94 218 186 278 111]
 [602 215 714 259 112]]

[[ 94 218 186 278 111]
 [601 215 714 259 112]]

[[ 94 218 186 278 111]
 [603 215 714 259 112]]

[[ 93 217 187 278 111]
 [603 214 714 257 112]]

[[ 94 217 186 277 111]
 [604 214 713 256 112]]

[[ 93 216 187 277 111]
 [604 214 713 256 112]]

[[ 94 216 186 276 111]
 [603 213 714 255 112]]

[[ 94 216 186 276 111]
 [602 213 714 255 112]]

[[ 94 216 185 275 111]
 [602 212 714 255 112]]

[[ 93 216 185 275 111]
 [602 212 714 255 112]]

[[ 93 216 185 275 111]
 [602 211 714 254 112]]

[[ 94 216 184 274 111]
 [601 211 714 254 112]]

[[ 93 215 185 274 111]
 [602 211 713 254 112]]

[[ 93 215 184 273 111]
 [602 211 713 253 112]]

[[ 93 215 184 273 111]
 [602 211 712 253 112]]

[[ 93 214 184 273 111]
 [602 211 713 253 112]]

[[ 93 214 184 273 111]
 [602 211 712 253 112]]

[[ 93 214 184 273 111]
 [601 211 713 253 112]]

[[ 93 214 185 272 111]
 [601 211 714 253 112]]

[[ 93 213 185 272 111]
 [601 210 714 253 112]]

[[ 93 213 185 272 111]
 [602 210 714 253 112]]

[[ 93 213 186 272 111]
 [602 210 714 253 112]]

[[ 94 213 186 272 111]
 [601 209 715 252 112]]

[[ 94 212 186 272 111]
 [602 209 715 252 112]]

[[ 94 212 187 271 111]
 [602 208 715 251 112]]

[[ 94 212 187 271 111]
 [602 208 716 251 112]]

[[ 94 211 187 271 111]
 [602 208 716 251 112]]

[[ 95 211 187 271 111]
 [602 208 716 251 112]]

[[ 95 211 187 270 111]
 [602 208 716 251 112]]

[[ 95 211 188 270 111]
 [603 208 716 251 112]]

[[ 94 211 188 270 111]
 [603 208 716 251 112]]

[[ 95 210 188 270 111]
 [604 208 716 251 112]]

[[ 95 210 189 271 111]
 [604 208 717 251 112]]

[[ 95 211 189 271 111]
 [604 208 716 251 112]]

[[ 95 211 189 271 111]
 [603 208 717 252 112]]

[[ 95 211 189 271 111]
 [604 209 716 252 112]]

[[ 96 211 189 271 111]
 [605 209 716 252 112]]

[[ 96 211 189 271 111]
 [604 209 716 253 112]]

[[ 96 211 189 271 111]
 [605 210 716 253 112]]

[[ 97 211 189 271 111]
 [605 210 716 253 112]]

[[ 98 211 190 271 111]
 [606 210 715 253 112]]

[[100 211 190 270 111]
 [606 210 715 253 112]]

[[100 211 190 270 111]
 [605 211 716 253 112]]

[[103 211 191 269 111]
 [605 211 716 253 112]]

[[104 211 192 269 111]
 [605 211 715 253 112]]

[[105 211 193 268 111]
 [606 211 713 253 112]]

[[108 211 193 267 111]
 [604 211 713 253 112]]

[[109 211 194 266 111]
 [603 211 712 253 112]]

[[111 211 195 266 111]
 [600 210 711 253 112]]

[[113 211 195 263 111]
 [599 210 708 252 112]]

[[115 211 195 262 111]
 [598 210 707 252 112]]

[[116 210 194 261 111]
 [597 210 704 251 112]]

[[117 210 194 260 111]
 [593 209 701 251 112]]

[[119 210 195 259 111]
 [589 207 699 250 112]]

[[121 209 195 258 111]
 [587 206 698 249 112]]

[[124 209 196 255 111]
 [585 205 694 247 112]]

[[128 208 198 253 111]
 [584 204 692 246 112]]

[[129 207 200 252 111]
 [583 203 690 245 112]]

[[135 206 203 249 111]
 [582 203 686 243 112]]

[[138 205 204 248 111]
 [580 202 683 243 112]]

[[141 205 207 247 111]
 [580 202 680 242 112]]

[[144 204 210 246 111]
 [578 202 678 241 112]]

[[148 204 211 245 111]
 [576 201 676 240 112]]

[[154 204 215 243 111]
 [574 200 674 240 112]]

[[159 203 217 242 111]
 [571 200 670 239 112]]

[[165 203 222 240 111]
 [569 200 665 238 112]]

[[168 203 224 240 111]
 [567 200 662 238 112]]

[[172 203 226 239 111]
 [565 200 659 238 112]]

[[175 203 228 238 111]
 [563 200 657 238 112]]

[[313 174 534 244 113]]

[[323 173 548 245 113]]

[[337 175 552 244 113]]

[[351 175 565 243 113]]

[[366 175 576 242 113]]

[[381 175 594 243 113]]

[[389 173 605 242 113]]

[[398 173 611 241 113]]

[[409 173 621 240 113]]

[[678 181 838 240 116]]

[[700 185 848 240 116]]

[[711 187 860 243 116]]

[[740 186 887 241 116]]

[[757 186 901 240 116]]

[[773 185 915 238 116]]

[[790 186 928 240 116]]

[[808 187 928 240 116]]

[[518  39 633  87 117]]

[[522  42 631  87 117]]

[[522  43 628  87 117]]

[[519  42 627  87 117]]

[[517  38 626  83 117]]

[[517  37 626  82 117]]

[[517  35 626  80 117]]

[[517  35 626  79 117]]

[[737 194 800 228 118]
 [649 194 692 213 119]]

[[726 194 790 229 118]
 [640 194 686 214 119]]

[[705 194 770 230 118]
 [626 194 672 215 119]]

[[688 195 757 232 118]
 [615 195 661 216 119]]

[[662 193 736 234 118]
 [606 195 653 216 119]]

[[643 194 718 235 118]]

[[626 194 703 236 118]]

[[556 196 608 217 112]
 [596 194 676 237 118]]

[[556 196 607 217 112]
 [570 194 655 239 118]]

[[533 194 625 242 118]]

[[502 193 601 244 118]]

[[452 192 561 247 118]]

[[413 192 530 250 118]]

[[375 190 503 252 118]]

[[301 190 441 256 118]]

[[235 188 388 258 118]]

[[203 188 361 260 118]]

[[222 205 568 314 125]]

[[156 215 463 312 125]]

[[124 223 398 311 125]]

[[102 228 358 311 125]]

[[ 85 235 314 311 125]]

[[ 80 239 291 310 125]]

[[ 81 242 270 307 125]]

[[ 88 243 261 303 125]]

[[100 244 252 299 125]]

[[110 245 249 296 125]]

[[122 246 249 293 125]]

[[133 245 249 289 125]]

[[148 245 251 286 125]]

[[161 245 256 283 125]]

[[172 245 262 282 125]]

[[191 246 273 280 125]]

[[203 245 282 279 125]]

[[218 246 291 278 125]]

[[228 246 296 277 125]]

[[239 248 301 277 125]]

[[245 249 303 277 125]]

[[248 250 305 277 125]]

[[254 251 308 277 125]]

[[254 251 307 277 125]]

[[253 254 302 279 125]]

[[251 257 299 282 125]]

[[255 258 301 282 125]]

[[496 220 741 297 126]]

[[481 209 722 284 126]]

[[469 206 704 280 126]]

[[456 205 686 277 126]]

[[440 209 675 283 126]]

[[419 196 654 270 126]]

[[408 188 638 260 126]]

[[400 185 626 256 126]]

[[383 180 606 251 126]]

[[369 186 588 255 126]]

[[349 176 570 245 126]]

[[336 175 554 244 126]]

[[324 177 541 246 126]]

[[307 171 523 240 126]]

[[300 158 513 226 126]]

[[289 154 500 221 126]]

[[273 151 481 218 126]]

[[261 143 470 209 126]]

[[251 154 459 220 126]]

[[238 157 445 223 126]]

[[225 155 431 221 126]]

[[670  35 729  63 127]]

[[676  31 733  60 127]]

[[677  30 735  59 127]]

[[678  30 733  58 127]]

[[681  33 735  60 127]]

[[683  33 737  60 127]]

[[687  38 742  66 127]]

[[695  41 747  67 127]]

[[701  45 752  70 127]]

[[700  39 750  64 127]]

[[702  42 750  66 127]]

[[705  41 754  66 127]]

[[711  43 757  66 127]]

[[714  46 761  70 127]]

[[719  43 766  67 127]]

[[722  40 769  64 127]]

[[725  43 770  66 127]]

[[730  46 772  67 127]]

[[733  50 776  72 127]]

[[737  51 778  72 127]]

[[ 89 192 355 267 134]]

[[  0 191 249 265 134]]

[[  0 190 184 264 134]]

[[736 375 817 429 135]]

[[742 375 820 428 135]]

[[748 376 824 427 135]]

[[756 376 830 426 135]]

[[763 376 834 425 135]]

[[491 364 608 436 137]]

[[469 344 524 372 125]
 [491 365 606 435 137]]

